Region,Year,Country of residence,UK,Other,Total
Canada,2018,703.3494911035449,75.97515272995341,72.91936270782772,852.244006541326
USA,2018,3990.1637035843205,246.81130026786894,334.5014484185949,4571.476452270785
North America,2018,4731.870958263896,322.78645299782204,369.0630475503893,5423.720458812108
Austria,2018,258.6005521109768,24.881400317308447,43.80750814354407,327.2894605718293
Belgium,2018,783.8027818019209,107.76878296619387,205.20733108816162,1096.7788958562764
Bulgaria,2018,222.8648626416513,7.0766258474637045,2.863311524048048,232.80480001316306
Czech Republic,2018,328.8495738244366,18.673503137512313,12.769413002178274,360.29248996412724
Cyprus,2018,51.26867396483784,45.981254722873665,10.834727877042342,108.08465656475384
Denmark,2018,539.7649410211952,32.819517215039866,41.59206610813841,614.1765243443735
Finland,2018,167.88648811772583,7.571381887981648,12.821682399794772,188.27955240550227
France,2018,2906.9430065691445,441.3926734786196,243.5495827036481,3591.885262751412
Germany,2018,2560.953808424325,230.41743972130217,378.83734663488013,3170.2085947805076
Greece,2018,195.5149460122482,11.150549337912917,16.454908942075036,223.12040429223615
Hungary,2018,349.8150328350947,6.564443107175656,15.362080069142843,371.7415560114132
Republic of Ireland,2018,2317.1882243795962,230.7824548510634,434.7400492462778,2982.7107284769377
Italy,2018,1916.569164094047,79.73053874432424,84.16317047802985,2080.462873316401
Lithuania,2018,317.72402721369946,0.7710064519902929,3.3713029761113154,321.86633664180107
Luxembourg,2018,40.19615164834383,10.579744514043988,27.242211601367316,78.01810776375513
Malta,2018,98.41908972069578,9.063244174548798,3.789011117908394,111.27134501315297
Netherlands,2018,1677.293210280849,138.77945691281028,162.2195337425896,1978.292200936249
Norway,2018,563.2984841525831,32.92178684774088,51.59382079929745,647.8140917996215
Poland,2018,1510.564595264606,24.069453444284733,20.691834949760317,1555.325883658651
Portugal,2018,391.42037108034066,24.409016971115303,37.093094814509435,452.9224828659654
Romania,2018,863.6278694617561,21.749559919593505,11.20340302649722,896.5808324078467
Russia,2018,220.14022416950036,4.890201565894088,3.741714372139928,228.77214010753437
Slovakia,2018,105.7288773404661,0.6565900463895499,13.323229841592328,119.70869722844797
Spain,2018,1776.1032550305645,485.91267089074984,188.85690955827252,2450.8728354795867
Sweden,2018,651.083517622577,46.050222332596384,47.89665699895201,745.0303969541254
Switzerland,2018,501.6256038857024,144.5365737177551,179.09446766334193,825.2566452667994
Turkey,2018,288.9139997706686,14.840736085118555,13.84486114061195,317.59959699639916
Rest of Europe,2018,508.28346564133005,41.972899270112144,65.20194882933389,615.4583137407761
Europe,2018,23553.40927637187,2246.013728479515,893.20270135832925,26692.625706209714
- of which EU,2018,21372.637975984333,2012.0100166309635,909.2331917947196,24293.881184410016
- of which EU15,2018,16877.050910022506,1872.245850141068,1230.751560631448,19980.048320795024
- of which EU Oth,2018,4083.891620167532,139.76416648989596,90.17707695736345,4313.832863614791
Egypt,2018,44.1124558020517,4.727918576275698,7.346210381245234,56.18658475957263
Morocco,2018,19.81298115596154,0.5562192877288595,10.345690567419027,30.714891011109426
Tunisia,2018,3.914222972749524,0.5562192877288595,NA,4.470442260478384
Other North Africa,2018,16.2977336598965,1.446762213605507,4.495568290269933,22.24006416377194
South Africa,2018,185.12637549235177,54.95521033875371,24.904000363812152,264.98558619491763
Nigeria,2018,189.30158890874958,5.7396687708423695,8.184563235375213,203.22582091496716
Other Africa,2018,120.21529801572512,45.48399296291355,38.26990060767182,203.96919158631047
Israel,2018,232.916242352814,11.651201320436146,19.185008132852378,263.75245180610256
United Arab Emirates,2018,200.79363967256083,184.3856202255096,126.2857945553638,511.4650544534342
Other Middle East,2018,509.023364350976,87.98287116314307,54.37864845081956,651.3848839649387
Hong Kong (China),2018,281.6541761382447,59.969392451469815,61.09834102019745,402.72190960991196
Other China,2018,938.0231549117198,35.63726209477095,27.7874343447132,1001.4478513512039
India,2018,663.4811789320806,7.549676433673484,8.554530341917225,679.5853857076714
Japan,2018,411.97562152936047,9.06385258837703,7.91265792894278,428.9521320466803
Pakistan,2018,80.94172653627037,6.610916968299132,7.375753353096513,94.92839685766602
Sri Lanka,2018,16.230452211541508,0.5246482125002314,1.181737218281228,17.936837642322967
Thailand,2018,162.57701991031482,21.400086615873345,5.000720148308685,188.97782667449684
Other Asia,2018,839.5325778216699,64.70049345979909,71.86362460362564,976.0966958850946
Australia,2018,772.6534883125267,194.61996494653306,71.75580983713488,1039.0292630961947
New Zealand,2018,144.57584265476018,65.99593087677911,21.145900140762954,231.71767367230225
Barbados,2018,11.561724351889506,8.65249477634175,3.114249290068685,23.32846841829994
Jamaica,2018,12.870351694429838,1.570188488913561,0.36919093028144195,14.80973111362484
Other Caribbean,2018,36.51822008480016,34.30139147538149,24.13159874373514,94.9512103039168
Brazil,2018,259.2421636530427,6.76363456596626,21.69570149247146,287.70149971148044
Mexico,2018,152.62059092107492,4.1283486103982305,7.13066844696484,163.879607978438
Other Central & Sth. America,2018,260.113413029794,3.9099721925472077,38.26421547015309,302.2876006924943
Rest of the World,2018,0.46680742500602046,2.993683937613567,2.648910491285666,6.109401853905253
Other Countries,2018,6869.819692598209,925.8776228421759,371.1591482909498,8166.856463731335
Total World,2018,36788.52482443353,3494.6778043195013,0,40283.20262875303
Canada,2019,727.931133364445,72.87703151621085,73.25247472745438,874.0606396081103
USA,2019,3885.164979408231,281.28127885459196,332.30823258953296,4498.754490852356
North America,2019,4655.546398796756,354.15831037080306,363.1104212929076,5372.815130460467
Austria,2019,264.040516770611,31.550701664737176,46.53892015182967,342.13013858717784
Belgium,2019,862.2723417324834,106.3339051572523,166.3668645939255,1134.9731114836611
Bulgaria,2019,218.5345650026086,8.17984680967874,8.770741036807507,235.48515284909485
Czech Republic,2019,333.6929144294846,37.13549138617714,42.69778871635087,413.5261945320126
Cyprus,2019,66.14139147874558,52.76832663377019,9.543861392589525,128.4535795051053
Denmark,2019,559.6897219583021,62.64917713868687,69.05531106188832,691.3942101588774
Finland,2019,200.89545175014942,4.283377781236654,9.346912203896165,214.52574173528222
France,2019,2842.3987540876556,450.9357237829114,267.1822956908833,3560.51677356145
Germany,2019,2588.403598770361,265.33727962445766,379.1713897582743,3232.912268153093
Greece,2019,186.6614191864333,40.462866398375716,23.06075323436163,250.18503881917067
Hungary,2019,305.8039343502179,11.854484351458806,16.0441704112383,333.702589112915
Republic of Ireland,2019,2149.3494777118253,304.23953722476944,397.5911522072371,2851.1801671438316
Italy,2019,2039.37017688303,65.85736478192565,91.40186772978542,2196.629409394741
Lithuania,2019,224.31678998015582,0,11.639497144401256,235.95628712455706
Luxembourg,2019,53.64912345046467,14.10287994706588,78.10711368109263,145.85911707862317
Malta,2019,145.16223670817388,33.28018757572914,11.321141852080887,189.76356613598392
Netherlands,2019,1597.7486082387975,196.8927190968707,192.12920070121635,1986.7705280368846
Norway,2019,532.3682991466773,42.5425289385517,72.55008571149058,647.4609137967196
Poland,2019,1604.5641520011418,16.94480600133344,29.924662104562834,1651.4336201070382
Portugal,2019,485.72144016591994,75.71277858283682,51.255059051782645,612.6892778005393
Romania,2019,887.4095328572404,2.46988692223407,12.417358023641784,902.2967778031162
Russia,2019,186.80012684144648,2.2154205172034755,9.976201138961615,198.99174849761158
Slovakia,2019,104.0961985388915,3.929764779589688,4.544421568440177,112.57038488692136
Spain,2019,1667.211005961984,426.3439355409961,225.1669594008757,2318.721900903856
Sweden,2019,647.2214711106346,89.15010458150888,53.036029650342066,789.4076053424856
Switzerland,2019,550.2392357332725,180.01163255121725,195.4763086828106,925.7271769673005
Turkey,2019,295.2540263489775,16.794166465005667,22.40004673181868,334.44823954580187
Rest of Europe,2019,573.2485129850055,47.06216319494742,35.11118408971196,655.4218602696649
Europe,2019,23788.388452267554,2589.041057430516,915.7038696352124,27293.133379333285
- of which EU,2019,21539.56370251138,2303.1558748879825,985.6071895162926,24828.326766915656
- of which EU15,2019,16891.899643231096,2133.852351303627,1302.1432936649537,20327.895288199677
- of which EU Oth,2019,4232.278635363789,169.3035235843563,98.8493197679594,4500.431478716105
Egypt,2019,45.85748521760314,4.45235859219279,1.7174786557784791,52.02732246557441
Morocco,2019,25.101997907964403,3.576917667050624,4.67963269342278,33.35854826843781
Tunisia,2019,6.714691273620923,NA,2.263324780442942,8.978016054063865
Other North Africa,2019,16.258557190915916,0.520237654343558,4.21222667613207,20.99102152139154
South Africa,2019,159.08858854501983,41.604434115321304,16.423970932807915,217.11699359314906
Nigeria,2019,200.36722392921487,6.421898375708189,1.5781561782929496,208.367278483216
Other Africa,2019,122.90020915717497,38.401470251968355,26.635458675794773,187.9371380849381
Israel,2019,239.88328737122745,9.957667835847353,14.823419608555604,264.6643748156304
United Arab Emirates,2019,204.41105219557633,173.97765722175208,174.50979066746294,552.8985000847913
Other Middle East,2019,558.493050087299,93.74954660444932,71.19004892825414,723.4326456200024
Hong Kong (China),2019,259.7009633569055,71.53999753401513,77.72213452020192,408.96309541112254
Other China,2019,949.4379835848786,26.83098288745961,33.791554383825904,1010.0605208561641
India,2019,675.2557717046394,9.8989499890007,6.928134840180975,692.0828565338211
Japan,2019,349.323036992843,14.418433816948472,25.0977951961736,388.8392660059651
Pakistan,2019,85.88896929485094,3.3176557987627775,0.4677663325473782,89.6743914261611
Sri Lanka,2019,25.053545101617217,2.1660180265098177,1.3055703338012306,28.525133461928267
Thailand,2019,157.33505329420458,15.173374072555783,11.907997283126296,184.41642464988666
Other Asia,2019,762.3645306662503,114.45770470364104,77.90770214227261,954.7299375121639
Australia,2019,803.5986180757358,183.64585101403975,76.15961257489376,1063.4040816646693
New Zealand,2019,127.37520453589224,49.64930169793241,10.657958741925048,187.6824649757497
Barbados,2019,19.62903077348355,7.5860726893596295,NA,27.215103462843178
Jamaica,2019,5.508999541754814,2.007801641309905,NA,7.516801183064718
Other Caribbean,2019,63.89006684849426,29.788437804455995,15.658677428608794,109.33718208155905
Brazil,2019,274.32758979771006,3.860531250188068,12.374297345520299,290.5624183934184
Mexico,2019,149.3055583482496,2.738707733734266,14.153553101778554,166.19781918376242
Other Central & Sth. America,2019,253.69580541869954,15.02118006728413,41.84009557110015,310.55708105708385
Rest of the World,2019,0.612499851631051,0.9508077620177384,0.3997622324951371,1.9630698461439267
Other Countries,2019,6916.275922131794,925.7139968078503,349.50956775709403,8191.499486696738
Total World,2019,36988.534631881485,3868.9133646091705,0,40857.44799649066
Canada,2020,NA,NA,NA,NA
USA,2020,NA,NA,NA,NA
North America,2020,NA,NA,NA,NA
Austria,2020,NA,NA,NA,NA
Belgium,2020,NA,NA,NA,NA
Bulgaria,2020,NA,NA,NA,NA
Czech Republic,2020,NA,NA,NA,NA
Cyprus,2020,NA,NA,NA,NA
Denmark,2020,NA,NA,NA,NA
Finland,2020,NA,NA,NA,NA
France,2020,NA,NA,NA,NA
Germany,2020,NA,NA,NA,NA
Greece,2020,NA,NA,NA,NA
Hungary,2020,NA,NA,NA,NA
Republic of Ireland,2020,NA,NA,NA,NA
Italy,2020,NA,NA,NA,NA
Lithuania,2020,NA,NA,NA,NA
Luxembourg,2020,NA,NA,NA,NA
Malta,2020,NA,NA,NA,NA
Netherlands,2020,NA,NA,NA,NA
Norway,2020,NA,NA,NA,NA
Poland,2020,NA,NA,NA,NA
Portugal,2020,NA,NA,NA,NA
Romania,2020,NA,NA,NA,NA
Russia,2020,NA,NA,NA,NA
Slovakia,2020,NA,NA,NA,NA
Spain,2020,NA,NA,NA,NA
Sweden,2020,NA,NA,NA,NA
Switzerland,2020,NA,NA,NA,NA
Turkey,2020,NA,NA,NA,NA
Rest of Europe,2020,NA,NA,NA,NA
Europe,2020,NA,NA,NA,NA
- of which EU,2020,NA,NA,NA,NA
- of which EU15,2020,NA,NA,NA,NA
- of which EU Oth,2020,NA,NA,NA,NA
Egypt,2020,NA,NA,NA,NA
Morocco,2020,NA,NA,NA,NA
Tunisia,2020,NA,NA,NA,NA
Other North Africa,2020,NA,NA,NA,NA
South Africa,2020,NA,NA,NA,NA
Nigeria,2020,NA,NA,NA,NA
Other Africa,2020,NA,NA,NA,NA
Israel,2020,NA,NA,NA,NA
United Arab Emirates,2020,NA,NA,NA,NA
Other Middle East,2020,NA,NA,NA,NA
Hong Kong (China),2020,NA,NA,NA,NA
Other China,2020,NA,NA,NA,NA
India,2020,NA,NA,NA,NA
Japan,2020,NA,NA,NA,NA
Pakistan,2020,NA,NA,NA,NA
Sri Lanka,2020,NA,NA,NA,NA
Thailand,2020,NA,NA,NA,NA
Other Asia,2020,NA,NA,NA,NA
Australia,2020,NA,NA,NA,NA
New Zealand,2020,NA,NA,NA,NA
Barbados,2020,NA,NA,NA,NA
Jamaica,2020,NA,NA,NA,NA
Other Caribbean,2020,NA,NA,NA,NA
Brazil,2020,NA,NA,NA,NA
Mexico,2020,NA,NA,NA,NA
Other Central & Sth. America,2020,NA,NA,NA,NA
Rest of the World,2020,NA,NA,NA,NA
Other Countries,2020,NA,NA,NA,NA
Total World,2020,NA,NA,NA,11100.507123819894
Canada,2021,104.7849879297291,14.396646708501422,9.002977775364467,128.18461241359498
USA,2021,537.3944227781236,76.25073360368346,49.82145937410539,663.4666157559125
North America,2021,645.7119398885902,90.64738031218488,55.29190796873216,791.6512281695072
Austria,2021,40.4518192875339,8.344717515777416,6.908553869111934,55.70509067242325
Belgium,2021,102.25993587152058,33.50144189935705,23.595596039290523,159.35697381016814
Bulgaria,2021,50.23901564427244,5.702921898306689,0.384077,56.32601454257913
Czech Republic,2021,42.48684326195386,9.218988679408255,3.2615690309698984,54.967400972332015
Cyprus,2021,18.039962822258534,20.7076800334232,3.040954401798526,41.78859725748026
Denmark,2021,75.6434471099938,18.13884898730801,8.378246569577726,102.16054266687954
Finland,2021,13.498904761714122,2.7964679141160547,0.6075426107559465,16.902915286586122
France,2021,428.90773849226593,190.7449177537379,57.24514374540553,676.8977999914093
Germany,2021,272.18264357751144,65.61463295194746,51.96298539861175,389.76026192807063
Greece,2021,55.94036866474448,12.2473191318164,4.000095536364395,72.18778333292528
Hungary,2021,52.10997809015275,4.629167370790547,1.4684653881422753,58.207610849085576
Republic of Ireland,2021,542.0159779533493,112.13619147056195,54.0459267167289,708.1980961406401
Italy,2021,200.8264408741275,23.66417721241455,31.09883462071294,255.58945270725502
Lithuania,2021,43.377206088575846,1.7673938723830558,1.7853173668502382,46.929917327809136
Luxembourg,2021,5.348633999220075,7.214133421864338,4.005582132790074,16.568349553874487
Malta,2021,17.72622409694633,7.585607834900332,2.5077282418454123,27.819560173692075
Netherlands,2021,165.0805911287529,68.43942838190961,39.50797755519296,273.02799706585546
Norway,2021,61.80106327763214,10.436993990047947,2.569382108160231,74.80743937584032
Poland,2021,322.88555246390644,5.523850088173473,8.167589693279776,336.57699224535963
Portugal,2021,95.43762469887278,27.301246925603323,24.422422091220994,147.1612937156971
Romania,2021,183.93007616389838,3.118377778276809,4.310099733054761,191.35855367522993
Russia,2021,19.90214451620003,1.18294511418255,1.9025551791559296,22.98764480953851
Slovakia,2021,10.298452951410592,0.5610811578945326,0.9154815865244892,11.775015695829614
Spain,2021,260.6152759750968,209.62811409209138,55.03558235867287,525.2789724258611
Sweden,2021,86.74607872644562,18.41437254697841,11.59664112633629,116.75709239976032
Switzerland,2021,81.34407501124558,41.19378573173769,41.04869817901795,163.58655892200122
Turkey,2021,23.35980138469892,5.119163892614732,1.7988859871287708,30.277851264442422
Rest of Europe,2021,159.21748809687182,22.35790830475871,19.067332263733736,200.64272866536427
Europe,2021,3746.0718101019283,937.2918759523786,150.2408214196622,4833.604507473969
- of which EU,2021,3384.0416060416674,859.8747490450589,166.2405971812579,4410.156952267984
- of which EU15,2021,2498.912882054086,798.1860102054812,218.45372943783082,3515.5526216973976
- of which EU Oth,2021,807.3740672287577,61.68873883957914,25.541524502260863,894.6043305705977
Egypt,2021,4.657872366168182,3.2849345417298705,0.4579351229188974,8.40074203081695
Morocco,2021,0,0.1828716106787499,2.110833625417809,2.293705236096559
Tunisia,2021,0.2571986519712228,0.37846291127727105,0.5062339360680025,1.1418954993164965
Other North Africa,2021,0.6198139074668483,0.06289800000000001,0.30151253259731725,0.9842244400641655
South Africa,2021,9.644404939985831,5.2676775923445955,2.0543789504512957,16.96646148278172
Nigeria,2021,77.07406464940351,2.054175724423608,1.1433004812352077,80.27154085506231
Other Africa,2021,11.297388203229785,7.6272884883577685,7.638722640058846,26.5633993316464
Israel,2021,62.00278968369601,5.335741596097297,3.2152188850447057,70.55375016483801
United Arab Emirates,2021,16.882607456460207,51.31649986886714,22.989763899577987,91.18887122490534
Other Middle East,2021,114.76468944882025,29.128299623962732,13.863820974847604,157.7568100476306
Hong Kong (China),2021,4.54127588609839,4.369161951000884,3.2112721452029995,12.121709982302272
Other China,2021,14.919153800665859,1.2560753985651483,0.49149270647746635,16.666721905708474
India,2021,54.76786748857071,0.7863276515834692,2.4983440032425657,58.05253914339674
Japan,2021,6.943279319854076,1.832958288554478,1.3782403925830438,10.154478000991597
Pakistan,2021,17.997907602486944,1.3516683305572892,0.5010840984790277,19.850660031523258
Sri Lanka,2021,0.9398606059215212,0.27407898502708294,0.120035,1.3339745909486043
Thailand,2021,2.5467986581198137,2.383121078573239,0.2511616106787499,5.181081347371803
Other Asia,2021,49.826147376650866,16.232655663783074,8.971938926957383,75.03074196739132
Australia,2021,17.053901256409436,3.2779693370921947,3.4841813632178846,23.816051956719516
New Zealand,2021,4.330969068819111,4.334516870856415,0.5913029486717156,9.256788888347243
Barbados,2021,1.6583880571704035,0.1695266152085645,0.050531999999999994,1.878446672378968
Jamaica,2021,1.197594293657402,0.21437599999999998,0.2684628306593009,1.6804331243167028
Other Caribbean,2021,6.578420191424233,8.536750525760532,3.2433660442324954,18.35853676141726
Brazil,2021,15.779433846493607,1.2558229831100745,2.2020999870842743,19.237356816687956
Mexico,2021,6.754242951975799,1.3313599146906432,0.9451671389189102,9.030770005585351
Other Central & Sth. America,2021,14.00317473314936,3.6835041610167942,2.570728980899915,20.257407875066068
Rest of the World,2021,0.5384174577799985,0,0,0.5384174577799985
Other Countries,2021,553.9061511704659,155.92872371311907,48.732641957506054,758.5675168410911
Total World,2021,5199.955272506882,1183.8679799776876,0,6383.823252484569
Canada,2022,771.3636603696021,66.48716153376847,58.79612151989702,896.6469434232679
USA,2022,4068.051016933396,253.43654760794985,265.29870372276156,4586.7862682641035
North America,2022,4873.143242255781,319.92370914171806,290.3662602898696,5483.43321168737
Austria,2022,209.14717957848956,20.047717661705793,58.86410161598998,288.05899885618544
Belgium,2022,503.85062603355686,59.16664474450335,116.11914177131871,679.1364125493799
Bulgaria,2022,156.95113861236712,17.64942219884903,8.408840799564889,183.00940161078108
Czech Republic,2022,230.482399150216,23.23034491519465,22.786979336690738,276.49972340210155
Cyprus,2022,60.05784799181213,48.518335385736236,14.083291194813699,122.65947457236213
Denmark,2022,461.9518304567201,50.48511756035453,53.56945362888918,566.0064016459639
Finland,2022,151.8441692685222,7.410353818819704,10.129763532979405,169.38428662032132
France,2022,2096.372857192407,448.4082407279565,285.0631484551831,2829.844246375554
Germany,2022,1730.5584126354909,185.26611811063066,316.9262566582873,2232.7507874044027
Greece,2022,155.76715481814693,21.539080247835564,7.47794266241626,184.78417772839873
Hungary,2022,231.34469252105373,7.903867011036955,16.047374177022192,255.29593370911292
Republic of Ireland,2022,2037.242996007113,229.58514278055085,241.84406788073386,2508.6722066684024
Italy,2022,1152.8270258790478,76.93591220977288,83.60143597032655,1313.3643740591458
Lithuania,2022,157.36254557829196,2.29731581359329,4.727105747422099,164.3869671393074
Luxembourg,2022,25.62711935286122,6.1433766226774065,49.85639020909117,81.62688618462978
Malta,2022,54.86063927972976,5.8186508638267345,9.331558790784822,70.01084893434133
Netherlands,2022,1253.9137821588106,181.23553442966679,196.44403119147677,1631.59334777995
Norway,2022,464.8828416136709,44.12398918476232,37.961457875581765,546.9682886740151
Poland,2022,1271.9189377113426,29.111520567709718,43.5404427840127,1344.570901063065
Portugal,2022,317.8467231972274,84.3013112395912,91.89514703321173,494.04318147003045
Romania,2022,623.3274314125916,0.9156376044159145,9.351776902970295,633.5948459199777
Russia,2022,40.05729560698588,2.1389770713538447,1.3038316378938208,43.500104316233546
Slovakia,2022,69.46492737137672,1.0848177162930517,6.8108671484370245,77.36061223610679
Spain,2022,1344.9495337500668,473.2534888385228,193.87983310630125,2012.0828556948873
Sweden,2022,529.6106967730477,48.463209843639895,51.85174957102964,629.9256561877174
Switzerland,2022,521.0820836349285,133.78630375849772,207.255196089303,862.1235834827273
Turkey,2022,149.5104170500509,20.753182041657894,16.44727271984563,186.71087181155445
Rest of Europe,2022,492.9231487167172,57.051124849015025,41.347649758119616,591.3219233238517
Europe,2022,17945.886003741085,2286.624737818161,746.7765578613299,20979.287299420557
- of which EU,2022,16140.719073271235,2036.6357199247416,782.085764880034,18959.440558076032
- of which EU15,2022,12742.022064040264,1892.2412488362204,987.0105063484385,15621.27381922502
- of which EU Oth,2022,3077.344471338642,144.39447108852198,116.42779642385945,3338.1667388510277
Egypt,2022,21.48845297499636,4.272306401575563,5.310749848057746,31.071509224629658
Morocco,2022,12.40615419675192,1.6525112455126658,0.5487514329492077,14.607416875213794
Tunisia,2022,7.697355121963954,0.30341996971639573,1.4794150190314777,9.48019011071183
Other North Africa,2022,10.922512509762624,0.5671039924141723,1.990377696080746,13.479994198257542
South Africa,2022,144.99335608509557,44.81566829866989,17.029750838808624,206.83877522257416
Nigeria,2022,197.3247862471595,4.157407151245124,5.066131098134831,206.54832449653944
Other Africa,2022,69.8605757603391,36.12598962582127,21.6657431022732,127.65230848843356
Israel,2022,223.56901156669574,14.672917724834727,7.791995545140151,246.03392483667062
United Arab Emirates,2022,94.50143429747651,149.1066284000514,135.9093122514691,379.5173749489963
Other Middle East,2022,367.4534643924601,53.11884654713589,48.190034242377514,468.7623451819738
Hong Kong (China),2022,45.75243503937286,34.46496019182315,31.915867917473957,112.13326314866984
Other China,2022,57.812243890615726,10.805889272508548,4.458049793424771,73.07618295654903
India,2022,498.52949218933725,6.680921270709225,11.273236593422393,516.4836500534686
Japan,2022,97.44026172904759,6.681471537435313,11.166819785637065,115.28855305211992
Pakistan,2022,81.83399144564493,1.5275896753746485,1.6312427949100208,84.99282391592962
Sri Lanka,2022,11.218964933757464,0,1.7676927877391426,12.986657721496607
Thailand,2022,49.864920972275655,24.678132101952567,7.021315270981449,81.56436834520972
Other Asia,2022,381.7109270905728,56.839087078624246,45.06279347118717,483.61280764038435
Australia,2022,531.8790891053001,141.79109877585978,49.00116032093554,722.6713482020953
New Zealand,2022,86.20250701213244,31.253339494244425,8.046000283803604,125.50184679018051
Barbados,2022,1.6801717564106333,2.416369672498049,3.4964990949112895,7.593040523819972
Jamaica,2022,4.91410902393409,0.29499094197893805,1.2897900040923838,6.498889970005411
Other Caribbean,2022,28.31789306630951,27.278379620921157,18.145433235537624,73.74170592276828
Brazil,2022,238.1053064461879,4.252709337682677,24.30369086121654,266.6617066450871
Mexico,2022,137.58515727136,3.9422576404562917,21.6052120110378,163.13262692285423
Other Central & Sth. America,2022,179.75584846219436,11.491251409068553,36.10818013325232,227.35528000451512
Rest of the World,2022,1.3414865243941798,1.9367754266195587,1.1533076789097456,4.431569629923485
Other Countries,2022,3819.051771479997,675.128022804733,287.53869074436585,4781.718485029049
Total World,2022,27962.762526372506,3281.676469764617,0,31244.438996137113
